 1.0000     0.0 -0.0034 -0.1112     0.0 -0.0012 -0.1089  0.0010 -0.0019     0.0     0.0     0.0  0.3316 -0.0015     0.0     0.0     0.0     0.0     0.0     0.0     0.0     0.0     0.0     0.0
    0.0  1.0000     0.0     0.0 -0.1104     0.0 -0.0012  0.3310     0.0     0.0     0.0     0.0     0.0 -0.1104     0.0     0.0     0.0     0.0     0.0     0.0     0.0     0.0     0.0     0.0
-0.0034     0.0  1.0000  0.0022  0.0018  0.3306     0.0     0.0 -0.1083     0.0     0.0     0.0     0.0 -0.0013 -0.1089     0.0     0.0     0.0     0.0     0.0     0.0     0.0     0.0     0.0
-0.1112     0.0 -0.0012  1.0000     0.0 -0.0034     0.0     0.0     0.0 -0.1089  0.0010 -0.0019     0.0     0.0     0.0  0.3316 -0.0015     0.0     0.0     0.0     0.0     0.0     0.0     0.0
    0.0 -0.1104     0.0     0.0  1.0000     0.0     0.0     0.0     0.0 -0.0012  0.3310     0.0     0.0     0.0     0.0     0.0 -0.1104     0.0     0.0     0.0     0.0     0.0     0.0     0.0
 0.0022  0.0018  0.3306 -0.0034     0.0  1.0000     0.0     0.0     0.0     0.0     0.0 -0.1083     0.0     0.0     0.0     0.0 -0.0013 -0.1089     0.0     0.0     0.0     0.0     0.0     0.0
-0.1089  0.0010 -0.0019     0.0     0.0     0.0  1.0000     0.0 -0.0034 -0.1112     0.0 -0.0012     0.0     0.0     0.0     0.0     0.0     0.0  0.3316 -0.0015     0.0     0.0     0.0     0.0
-0.0012  0.3310     0.0     0.0     0.0     0.0     0.0  1.0000     0.0     0.0 -0.1104     0.0     0.0     0.0     0.0     0.0     0.0     0.0     0.0 -0.1104     0.0     0.0     0.0     0.0
    0.0     0.0 -0.1083     0.0     0.0     0.0 -0.0034     0.0  1.0000  0.0022  0.0018  0.3306     0.0     0.0     0.0     0.0     0.0     0.0     0.0 -0.0013 -0.1089     0.0     0.0     0.0
    0.0     0.0     0.0 -0.1089  0.0010 -0.0019 -0.1112     0.0 -0.0012  1.0000     0.0 -0.0034     0.0     0.0     0.0     0.0     0.0     0.0     0.0     0.0     0.0  0.3316 -0.0015     0.0
    0.0     0.0     0.0 -0.0012  0.3310     0.0     0.0 -0.1104     0.0     0.0  1.0000     0.0     0.0     0.0     0.0     0.0     0.0     0.0     0.0     0.0     0.0     0.0 -0.1104     0.0
    0.0     0.0     0.0     0.0     0.0 -0.1083  0.0022  0.0018  0.3306 -0.0034     0.0  1.0000     0.0     0.0     0.0     0.0     0.0     0.0     0.0     0.0     0.0     0.0 -0.0013 -0.1089
 0.3316 -0.0015     0.0     0.0     0.0     0.0     0.0     0.0     0.0     0.0     0.0     0.0  1.0000     0.0 -0.0034 -0.1112     0.0 -0.0012 -0.1089  0.0010 -0.0019     0.0     0.0     0.0
    0.0 -0.1104     0.0     0.0     0.0     0.0     0.0     0.0     0.0     0.0     0.0     0.0     0.0  1.0000     0.0     0.0 -0.1104     0.0 -0.0012  0.3310     0.0     0.0     0.0     0.0
    0.0 -0.0013 -0.1089     0.0     0.0     0.0     0.0     0.0     0.0     0.0     0.0     0.0 -0.0034     0.0  1.0000  0.0022  0.0018  0.3306     0.0     0.0 -0.1083     0.0     0.0     0.0
    0.0     0.0     0.0  0.3316 -0.0015     0.0     0.0     0.0     0.0     0.0     0.0     0.0 -0.1112     0.0 -0.0012  1.0000     0.0 -0.0034     0.0     0.0     0.0 -0.1089  0.0010 -0.0019
    0.0     0.0     0.0     0.0 -0.1104     0.0     0.0     0.0     0.0     0.0     0.0     0.0     0.0 -0.1104     0.0     0.0  1.0000     0.0     0.0     0.0     0.0 -0.0012  0.3310     0.0
    0.0     0.0     0.0     0.0 -0.0013 -0.1089     0.0     0.0     0.0     0.0     0.0     0.0  0.0022  0.0018  0.3306 -0.0034     0.0  1.0000     0.0     0.0     0.0     0.0     0.0 -0.1083
    0.0     0.0     0.0     0.0     0.0     0.0  0.3316 -0.0015     0.0     0.0     0.0     0.0 -0.1089  0.0010 -0.0019     0.0     0.0     0.0  1.0000     0.0 -0.0034 -0.1112     0.0 -0.0012
    0.0     0.0     0.0     0.0     0.0     0.0     0.0 -0.1104     0.0     0.0     0.0     0.0 -0.0012  0.3310     0.0     0.0     0.0     0.0     0.0  1.0000     0.0     0.0 -0.1104     0.0
    0.0     0.0     0.0     0.0     0.0     0.0     0.0 -0.0013 -0.1089     0.0     0.0     0.0     0.0     0.0 -0.1083     0.0     0.0     0.0 -0.0034     0.0  1.0000  0.0022  0.0018  0.3306
    0.0     0.0     0.0     0.0     0.0     0.0     0.0     0.0     0.0  0.3316 -0.0015     0.0     0.0     0.0     0.0 -0.1089  0.0010 -0.0019 -0.1112     0.0 -0.0012  1.0000     0.0 -0.0034
    0.0     0.0     0.0     0.0     0.0     0.0     0.0     0.0     0.0     0.0 -0.1104     0.0     0.0     0.0     0.0 -0.0012  0.3310     0.0     0.0 -0.1104     0.0     0.0  1.0000     0.0
    0.0     0.0     0.0     0.0     0.0     0.0     0.0     0.0     0.0     0.0 -0.0013 -0.1089     0.0     0.0     0.0     0.0     0.0 -0.1083  0.0022  0.0018  0.3306 -0.0034     0.0  1.0000